0 0.503515625 0.29921875 0.144921875 0.083203125
0 0.364453125 0.302734375 0.059375 0.072265625
0 0.66484375 0.318359375 0.125390625 0.08515625
0 0.258984375 0.3203125 0.105859375 0.07421875
0 0.159765625 0.339453125 0.0515625 0.102734375
0 0.833203125 0.34921875 0.123828125 0.090625
0 0.101953125 0.356640625 0.0421875 0.090625
0 0.958984375 0.378125 0.08125 0.112109375
0 0.0328125 0.4046875 0.065625 0.131640625
0 0.232421875 0.412109375 0.121875 0.053515625
0 0.943359375 0.7609375 0.108984375 0.2296875