0 0.6375 0.097265625 0.086328125 0.072265625
0 0.739453125 0.1234375 0.0546875 0.0546875
0 0.8390625 0.173046875 0.066796875 0.087109375
0 0.907421875 0.228125 0.034765625 0.0640625
0 0.062890625 0.027734375 0.125390625 0.05546875
0 0.951171875 0.308984375 0.034765625 0.11015625
0 0.444921875 0.037890625 0.084765625 0.06484375
0 0.8953125 0.3796875 0.044921875 0.133203125
0 0.5421875 0.064453125 0.075 0.0546875
0 0.8125 0.820703125 0.073828125 0.141796875
0 0.25546875 0.08671875 0.112109375 0.08046875