0 0.835546875 0.935546875 0.321875 0.11953125
0 0.21953125 0.127734375 0.0640625 0.048046875
0 0.385546875 0.1359375 0.103515625 0.046484375
0 0.517578125 0.14296875 0.083984375 0.052734375
0 0.678515625 0.144140625 0.128515625 0.047265625
0 0.82578125 0.148046875 0.1171875 0.05546875
0 0.966796875 0.155078125 0.065625 0.065625
0 0.432421875 0.251953125 0.193359375 0.062890625
0 0.760546875 0.271484375 0.207421875 0.05
0 0.053515625 0.484375 0.106640625 0.1796875
0 0.284765625 0.8953125 0.183984375 0.168359375