0 0.541015625 0.12734375 0.093359375 0.058203125
0 0.63984375 0.127734375 0.055859375 0.062890625
0 0.415625 0.144921875 0.063671875 0.052734375
0 0.726171875 0.150390625 0.0703125 0.067578125
0 0.294921875 0.170703125 0.107421875 0.052734375
0 0.824609375 0.1859375 0.071484375 0.090625
0 0.164453125 0.187890625 0.108984375 0.042578125
0 0.045703125 0.21328125 0.091015625 0.041796875
0 0.721875 0.2296875 0.101171875 0.092578125
0 0.90859375 0.244921875 0.0578125 0.108203125
0 0.980078125 0.283984375 0.038671875 0.08984375
0 0.1765625 0.53671875 0.160546875 0.18046875