0 0.449609375 0.349609375 0.040234375 0.021484375
0 0.37109375 0.35 0.016015625 0.033203125
0 0.546484375 0.35234375 0.041015625 0.023046875
0 0.67265625 0.35546875 0.012890625 0.022265625
0 0.498046875 0.35546875 0.032421875 0.033203125
0 0.34375 0.355859375 0.021875 0.037890625
0 0.590234375 0.356640625 0.025390625 0.027734375
0 0.6390625 0.357421875 0.033203125 0.0296875
0 0.70390625 0.362109375 0.033984375 0.0390625
0 0.7421875 0.3640625 0.026953125 0.031640625
0 0.273828125 0.3671875 0.013671875 0.041796875
0 0.251171875 0.37421875 0.0140625 0.048046875
0 0.866015625 0.3796875 0.03125 0.033203125
0 0.90546875 0.384765625 0.0265625 0.043359375
0 0.188671875 0.38828125 0.0265625 0.058203125
0 0.9703125 0.3953125 0.058203125 0.046484375
0 0.046484375 0.429296875 0.090234375 0.076953125