0 0.5296875 0.272265625 0.048046875 0.04453125
0 0.63359375 0.279296875 0.096484375 0.05078125
0 0.444921875 0.282421875 0.071484375 0.057421875
0 0.757421875 0.2984375 0.098828125 0.067578125
0 0.351171875 0.309375 0.044140625 0.051953125
0 0.89140625 0.333203125 0.1234375 0.0703125
0 0.269140625 0.357421875 0.076953125 0.08515625
0 0.44296875 0.3609375 0.094140625 0.07421875
0 0.169140625 0.41171875 0.05625 0.075
0 0.074609375 0.465234375 0.080859375 0.097265625
0 0.114453125 0.576953125 0.148828125 0.116796875