0 0.323046875 0.096875 0.071484375 0.058203125
0 0.0578125 0.11171875 0.115625 0.0796875
0 0.43515625 0.131640625 0.0796875 0.062890625
0 0.528515625 0.1578125 0.0765625 0.052734375
0 0.244140625 0.18046875 0.108203125 0.07578125
0 0.625390625 0.187890625 0.0828125 0.06484375
0 0.073828125 0.0203125 0.059765625 0.040625
0 0.726953125 0.215234375 0.052734375 0.052734375
0 0.824609375 0.2671875 0.069140625 0.087109375
0 0.891796875 0.317578125 0.037109375 0.0796875
0 0.934375 0.389453125 0.026171875 0.097265625
0 0.1515625 0.044921875 0.058203125 0.047265625
0 0.876171875 0.464453125 0.044921875 0.147265625
0 0.24609375 0.070703125 0.075390625 0.043359375
0 0.801953125 0.903515625 0.073828125 0.14453125