0 0.79296875 0.948046875 0.072265625 0.101953125
0 0.066015625 0.125390625 0.043359375 0.047265625
0 0.155859375 0.1546875 0.0515625 0.042578125
0 0.218359375 0.17734375 0.044140625 0.041796875
0 0.303515625 0.20234375 0.063671875 0.04921875
0 0.373046875 0.225 0.058984375 0.051953125
0 0.142578125 0.23828125 0.096875 0.067578125
0 0.465234375 0.253515625 0.0703125 0.05
0 0.549609375 0.281640625 0.064453125 0.05546875
0 0.29921875 0.298046875 0.0921875 0.081640625
0 0.638671875 0.308984375 0.0671875 0.0453125
0 0.725390625 0.3359375 0.0453125 0.04453125
0 0.8109375 0.378515625 0.059375 0.0609375
0 0.908984375 0.49296875 0.025390625 0.078515625
0 0.860546875 0.555859375 0.035546875 0.123046875
0 0.04375 0.740234375 0.0875 0.12421875