0 0.659765625 0.193359375 0.042578125 0.0609375
0 0.770703125 0.201953125 0.1125 0.037109375
0 0.573046875 0.203515625 0.073828125 0.062890625
0 0.900390625 0.226953125 0.115625 0.090625
0 0.473828125 0.227734375 0.044921875 0.0703125
0 0.3890625 0.274609375 0.076953125 0.09921875
0 0.56015625 0.283203125 0.083984375 0.092578125
0 0.297265625 0.321484375 0.064453125 0.090625
0 0.200390625 0.3734375 0.079296875 0.115625
0 0.12109375 0.453515625 0.0453125 0.133203125
0 0.232421875 0.47265625 0.134765625 0.137890625